300 669
1 2 1296 40000 0
1 107 314 10000 0
1 159 1436 40000 0
1 230 1172 100000 0
1 300 1573 100000 0
2 3 1536 100000 0
2 58 1196 10000 0
2 83 1936 40000 0
2 287 1622 10000 0
3 4 509 40000 0
3 70 897 100000 0
3 77 764 10000 0
4 5 938 40000 0
4 11 358 100000 0
4 250 232 10000 0
5 6 715 100000 0
5 273 1192 40000 0
6 7 955 40000 0
6 198 752 40000 0
6 269 658 40000 0
7 8 1633 100000 0
7 74 1165 100000 0
7 87 117 100000 0
7 131 349 10000 0
8 9 749 100000 0
8 77 766 40000 0
8 119 1273 10000 0
8 163 1025 40000 0
8 265 1082 40000 0
9 10 1969 40000 0
9 28 1999 100000 0
9 29 879 10000 0
9 67 1988 100000 0
9 68 1741 10000 0
9 70 375 10000 0
9 73 1172 40000 0
9 117 1278 40000 0
9 148 1705 10000 0
9 269 1539 100000 0
9 271 1629 40000 0
9 273 840 100000 0
10 11 858 40000 0
10 18 729 40000 0
10 262 1325 40000 0
11 12 1189 100000 0
11 32 443 10000 0
11 72 403 40000 0
11 162 1507 10000 0
11 295 1252 10000 0
12 13 1957 10000 0
12 142 478 40000 0
12 212 1590 100000 0
12 253 202 10000 0
13 14 1217 100000 0
13 21 644 100000 0
13 298 319 10000 0
14 15 635 10000 0
15 16 1394 100000 0
15 28 1178 100000 0
15 230 260 10000 0
16 17 1726 10000 0
16 59 1417 10000 0
16 261 1147 40000 0
17 18 144 100000 0
17 91 853 40000 0
17 116 1554 40000 0
17 158 550 10000 0
17 280 1324 40000 0
18 19 1872 10000 0
18 94 971 40000 0
18 171 1483 40000 0
19 20 1215 10000 0
19 76 1734 40000 0
20 21 1586 10000 0
20 106 1767 40000 0
21 22 934 10000 0
21 74 116 100000 0
21 165 1189 40000 0
22 23 1153 40000 0
22 190 256 40000 0
22 240 1361 100000 0
22 251 1730 100000 0
22 260 1297 40000 0
23 24 182 40000 0
24 25 1843 40000 0
25 26 113 10000 0
25 81 713 100000 0
25 84 1515 100000 0
25 203 111 100000 0
25 242 345 40000 0
26 27 1149 100000 0
26 53 746 100000 0
27 28 1421 100000 0
27 159 1229 40000 0
28 29 1176 40000 0
28 203 1210 100000 0
29 30 936 100000 0
30 31 1390 100000 0
30 122 730 40000 0
31 32 718 10000 0
31 197 1136 40000 0
31 273 1300 10000 0
32 33 1226 10000 0
32 151 617 100000 0
32 154 119 40000 0
32 200 1607 100000 0
33 34 1258 10000 0
33 122 854 40000 0
33 187 923 40000 0
33 245 1449 100000 0
33 269 137 10000 0
33 292 1994 10000 0
34 35 1833 10000 0
35 36 885 40000 0
35 52 1051 40000 0
35 89 1730 40000 0
35 226 1402 100000 0
35 265 1845 40000 0
36 37 1674 40000 0
36 77 895 40000 0
36 83 1745 10000 0
36 100 1090 40000 0
36 210 396 40000 0
36 289 403 10000 0
37 38 452 40000 0
38 39 853 10000 0
38 273 1307 40000 0
39 40 945 40000 0
39 135 1152 40000 0
39 240 1614 40000 0
40 41 1515 40000 0
41 42 987 40000 0
41 141 1691 40000 0
41 255 541 100000 0
42 43 1799 40000 0
42 105 923 100000 0
42 151 970 10000 0
43 44 231 10000 0
43 165 522 10000 0
43 269 569 100000 0
43 289 153 10000 0
44 45 618 10000 0
44 159 1082 10000 0
44 216 917 100000 0
45 46 1581 10000 0
45 215 1808 10000 0
46 47 282 40000 0
46 202 1353 10000 0
47 48 1225 10000 0
48 49 1194 40000 0
48 151 810 10000 0
48 274 1434 10000 0
49 50 1604 100000 0
49 130 1490 40000 0
49 159 1809 100000 0
49 164 1617 10000 0
49 212 643 100000 0
49 230 670 10000 0
49 232 1082 100000 0
50 51 1856 10000 0
51 52 1710 10000 0
51 98 1486 100000 0
51 220 278 40000 0
52 53 353 100000 0
52 83 1016 40000 0
52 92 1496 100000 0
52 120 1119 40000 0
52 165 337 100000 0
52 171 1848 40000 0
52 188 316 10000 0
53 54 891 100000 0
53 72 1954 100000 0
53 197 512 10000 0
53 286 1166 40000 0
54 55 953 100000 0
54 76 1918 100000 0
54 208 691 40000 0
54 239 1397 100000 0
55 56 1969 10000 0
55 175 1715 100000 0
56 57 790 40000 0
56 193 310 10000 0
57 58 1651 100000 0
57 128 1446 40000 0
58 59 1996 100000 0
59 60 647 10000 0
60 61 1207 100000 0
60 132 1001 40000 0
60 238 1656 10000 0
61 62 568 100000 0
61 171 662 40000 0
62 63 1546 10000 0
62 99 943 10000 0
63 64 366 40000 0
63 264 499 40000 0
64 65 1248 100000 0
64 114 1325 10000 0
64 153 1191 100000 0
64 203 1143 10000 0
64 253 947 40000 0
65 66 673 40000 0
65 103 1524 40000 0
65 128 646 40000 0
65 185 539 40000 0
65 273 853 100000 0
66 67 1063 10000 0
66 137 793 10000 0
67 68 1340 10000 0
67 171 1613 100000 0
67 175 1521 40000 0
67 194 1195 10000 0
67 293 219 100000 0
68 69 767 100000 0
68 144 1513 10000 0
68 171 1421 10000 0
69 70 745 100000 0
69 284 1111 40000 0
70 71 775 10000 0
70 258 361 10000 0
70 290 1530 40000 0
71 72 560 10000 0
71 218 1401 100000 0
72 73 1797 100000 0
72 149 202 100000 0
72 225 452 100000 0
73 74 337 10000 0
73 169 1253 10000 0
74 75 1130 100000 0
74 92 1451 40000 0
75 76 964 40000 0
75 169 108 10000 0
75 194 1782 40000 0
75 206 1783 100000 0
75 217 551 10000 0
75 227 1621 10000 0
76 77 673 100000 0
76 144 1381 40000 0
76 228 651 100000 0
77 78 1572 100000 0
77 163 876 10000 0
77 230 349 40000 0
77 293 810 10000 0
78 79 332 40000 0
78 252 1940 10000 0
79 80 1495 100000 0
80 81 184 40000 0
80 273 258 10000 0
81 82 1584 10000 0
81 106 714 40000 0
81 175 609 40000 0
81 183 1184 10000 0
82 83 840 10000 0
82 164 260 10000 0
82 194 1995 40000 0
83 84 861 100000 0
83 183 1407 100000 0
83 265 595 10000 0
84 85 1491 40000 0
84 238 660 10000 0
85 86 1155 40000 0
85 115 329 40000 0
85 163 1990 100000 0
86 87 1583 10000 0
87 88 1341 40000 0
87 239 929 10000 0
88 89 1490 100000 0
88 276 1371 100000 0
89 90 1180 40000 0
89 104 1255 40000 0
89 272 1197 40000 0
89 295 716 10000 0
90 91 1395 40000 0
90 151 1224 10000 0
91 92 210 100000 0
91 120 1141 10000 0
91 177 458 10000 0
91 269 540 40000 0
92 93 662 100000 0
92 98 140 40000 0
92 129 1203 40000 0
92 171 1185 40000 0
92 265 1069 10000 0
93 94 925 100000 0
93 217 312 100000 0
93 257 864 10000 0
94 95 1440 100000 0
94 222 843 100000 0
94 249 1237 100000 0
94 256 1139 100000 0
94 271 1289 10000 0
94 282 1367 40000 0
95 96 1012 100000 0
96 97 370 10000 0
96 188 252 100000 0
97 98 390 100000 0
98 99 1900 10000 0
98 117 1091 40000 0
98 144 847 40000 0
98 188 427 10000 0
99 100 1838 40000 0
99 260 1806 40000 0
100 101 930 10000 0
100 103 1330 10000 0
100 119 652 40000 0
100 163 1465 100000 0
100 216 1737 100000 0
100 260 1336 10000 0
101 102 1200 10000 0
102 103 1983 100000 0
103 104 371 40000 0
104 105 1629 100000 0
104 154 1907 10000 0
104 185 1041 10000 0
104 252 1695 40000 0
105 106 1325 100000 0
105 280 964 40000 0
106 107 858 40000 0
106 116 931 100000 0
106 152 1046 10000 0
106 178 303 40000 0
107 108 1695 10000 0
107 110 1423 100000 0
107 126 1528 10000 0
107 129 1763 10000 0
108 109 1803 10000 0
109 110 1302 10000 0
110 111 1186 100000 0
111 112 1663 40000 0
111 211 1228 40000 0
111 228 1703 100000 0
112 113 1961 100000 0
112 253 829 40000 0
113 114 1778 100000 0
113 158 602 100000 0
114 115 591 10000 0
114 132 1251 40000 0
114 295 1885 10000 0
115 116 338 10000 0
115 151 1976 100000 0
115 236 742 40000 0
115 282 1901 100000 0
115 292 809 40000 0
116 117 1446 100000 0
117 118 1939 10000 0
117 128 1363 40000 0
118 119 949 40000 0
118 251 834 40000 0
118 283 1644 40000 0
119 120 1003 100000 0
119 156 587 100000 0
119 183 1348 100000 0
119 201 395 10000 0
120 121 799 100000 0
120 214 332 100000 0
121 122 452 100000 0
121 172 1416 100000 0
122 123 1098 40000 0
122 259 1651 100000 0
122 264 348 100000 0
123 124 144 40000 0
123 166 1937 10000 0
123 180 884 100000 0
123 189 1807 10000 0
123 208 913 100000 0
123 252 566 10000 0
124 125 608 40000 0
125 126 773 100000 0
125 195 602 100000 0
126 127 1044 100000 0
126 240 1064 40000 0
127 128 1108 100000 0
127 223 1683 100000 0
127 281 1581 10000 0
128 129 984 40000 0
128 296 916 100000 0
129 130 346 100000 0
129 200 1099 40000 0
130 131 1819 10000 0
130 169 406 10000 0
130 251 870 40000 0
131 132 323 10000 0
131 149 1436 10000 0
131 194 474 40000 0
131 231 1668 40000 0
131 244 1466 100000 0
132 133 1734 40000 0
133 134 1979 10000 0
133 135 415 100000 0
134 135 1791 10000 0
134 217 621 10000 0
134 277 1051 40000 0
135 136 1760 100000 0
135 149 1543 100000 0
135 178 1723 10000 0
135 292 1201 100000 0
135 295 900 10000 0
136 137 1214 10000 0
136 257 966 10000 0
137 138 1456 10000 0
138 139 801 100000 0
138 173 589 10000 0
138 214 1687 100000 0
138 278 1242 10000 0
138 296 459 40000 0
139 140 1298 10000 0
139 183 1150 10000 0
140 141 975 10000 0
140 248 1726 10000 0
141 142 1156 100000 0
142 143 489 100000 0
143 144 1132 100000 0
143 246 1353 100000 0
144 145 1199 10000 0
145 146 607 40000 0
146 147 1696 40000 0
147 148 343 100000 0
147 296 1418 10000 0
148 149 892 10000 0
148 152 1246 10000 0
148 252 1413 40000 0
148 258 192 100000 0
148 260 589 10000 0
149 150 142 40000 0
149 195 1055 40000 0
149 226 1580 40000 0
150 151 441 100000 0
150 157 372 100000 0
151 152 1549 40000 0
151 295 1678 100000 0
152 153 1403 40000 0
152 177 1127 40000 0
152 234 1234 10000 0
152 264 1531 40000 0
153 154 1530 40000 0
153 212 1755 10000 0
153 251 1114 40000 0
153 284 837 10000 0
154 155 631 100000 0
154 223 672 10000 0
154 226 1698 100000 0
154 286 1373 10000 0
155 156 1597 40000 0
155 239 788 10000 0
156 157 629 40000 0
156 244 616 40000 0
157 158 886 40000 0
158 159 1258 40000 0
159 160 127 10000 0
159 185 366 40000 0
160 161 562 10000 0
161 162 244 100000 0
162 163 1200 100000 0
162 187 506 100000 0
162 231 979 100000 0
163 164 1885 10000 0
163 203 1282 10000 0
163 290 1234 40000 0
163 292 901 100000 0
163 295 501 10000 0
164 165 1380 10000 0
165 166 413 100000 0
166 167 217 10000 0
166 251 1628 40000 0
167 168 883 40000 0
168 169 1497 10000 0
169 170 1310 100000 0
169 266 364 100000 0
170 171 1202 100000 0
170 183 251 10000 0
171 172 1840 40000 0
171 233 385 40000 0
171 289 514 100000 0
172 173 1572 40000 0
173 174 830 100000 0
173 178 1817 10000 0
174 175 561 40000 0
174 222 1552 10000 0
175 176 812 40000 0
175 274 1196 40000 0
176 177 281 100000 0
177 178 1794 40000 0
177 222 527 100000 0
177 295 1049 10000 0
178 179 694 100000 0
178 265 1313 10000 0
179 180 1359 40000 0
179 272 1645 40000 0
180 181 622 100000 0
180 229 219 10000 0
180 245 1796 40000 0
180 260 427 10000 0
180 266 1990 100000 0
181 182 1783 10000 0
181 188 330 40000 0
181 207 1397 100000 0
181 247 603 100000 0
182 183 525 100000 0
183 184 1139 40000 0
184 185 348 100000 0
185 186 534 40000 0
185 290 1453 100000 0
186 187 374 100000 0
187 188 1284 40000 0
188 189 1584 10000 0
188 245 1569 10000 0
189 190 1756 10000 0
190 191 1663 100000 0
190 292 874 100000 0
191 192 1087 100000 0
192 193 1356 10000 0
193 194 648 10000 0
193 195 1407 10000 0
193 226 1475 100000 0
194 195 1986 100000 0
194 196 1129 10000 0
195 196 1851 40000 0
196 197 660 100000 0
196 237 962 40000 0
197 198 657 40000 0
198 199 300 100000 0
199 200 1801 10000 0
200 201 482 100000 0
200 207 132 40000 0
200 212 1643 10000 0
201 202 1100 10000 0
202 203 906 100000 0
202 215 1203 40000 0
202 250 1959 10000 0
203 204 292 10000 0
203 212 1488 100000 0
203 251 187 40000 0
204 205 1807 40000 0
205 206 486 10000 0
205 216 1319 100000 0
205 237 489 100000 0
206 207 888 100000 0
206 220 838 10000 0
206 264 576 40000 0
207 208 1448 100000 0
207 255 1650 10000 0
207 256 798 10000 0
208 209 1038 10000 0
209 210 1808 100000 0
210 211 462 10000 0
211 212 1848 40000 0
212 213 1060 10000 0
213 214 1294 100000 0
213 246 232 100000 0
214 215 911 10000 0
214 217 919 100000 0
214 254 1824 100000 0
214 262 1423 40000 0
215 216 907 40000 0
215 225 1954 40000 0
215 247 1063 10000 0
216 217 1230 40000 0
217 218 135 40000 0
217 227 723 100000 0
218 219 1633 40000 0
219 220 1728 10000 0
220 221 1320 100000 0
221 222 1238 40000 0
221 273 234 100000 0
222 223 1712 40000 0
223 224 950 40000 0
223 266 1164 10000 0
224 225 1278 100000 0
225 226 332 10000 0
225 296 1275 100000 0
226 227 129 10000 0
226 254 1947 40000 0
226 269 789 40000 0
227 228 1636 100000 0
228 229 170 100000 0
229 230 858 100000 0
230 231 251 40000 0
231 232 1935 100000 0
231 292 271 100000 0
232 233 1013 40000 0
232 255 1124 100000 0
233 234 106 10000 0
234 235 1963 40000 0
235 236 839 10000 0
235 247 399 100000 0
235 255 403 100000 0
235 296 320 40000 0
236 237 749 100000 0
237 238 961 40000 0
237 282 799 40000 0
237 288 1346 40000 0
238 239 177 100000 0
238 250 229 100000 0
239 240 605 40000 0
240 241 1645 40000 0
240 245 1227 40000 0
240 258 1275 100000 0
241 242 270 10000 0
241 258 1551 10000 0
242 243 1952 40000 0
243 244 947 10000 0
244 245 358 40000 0
244 257 1228 100000 0
244 273 1412 40000 0
245 246 580 10000 0
245 289 302 40000 0
245 290 1578 40000 0
246 247 196 100000 0
247 248 1148 40000 0
248 249 1712 10000 0
249 250 1783 100000 0
250 251 253 100000 0
251 252 746 40000 0
252 253 1996 40000 0
253 254 1860 100000 0
253 271 372 10000 0
254 255 1005 40000 0
254 265 1736 100000 0
255 256 176 10000 0
256 257 746 40000 0
257 258 1635 10000 0
258 259 1916 100000 0
258 269 183 100000 0
258 298 1304 100000 0
259 260 1459 100000 0
259 292 1887 100000 0
260 261 969 10000 0
261 262 1949 10000 0
261 290 576 10000 0
262 263 1303 10000 0
263 264 1301 100000 0
264 265 350 100000 0
265 266 645 40000 0
265 287 502 10000 0
266 267 839 40000 0
267 268 785 100000 0
268 269 1581 40000 0
269 270 550 100000 0
270 271 119 10000 0
271 272 1100 10000 0
272 273 436 40000 0
272 275 1940 100000 0
273 274 181 10000 0
273 292 571 10000 0
274 275 1173 10000 0
275 276 171 100000 0
276 277 510 10000 0
277 278 1007 40000 0
278 279 597 40000 0
279 280 1136 40000 0
280 281 765 40000 0
281 282 1438 10000 0
282 283 499 100000 0
283 284 471 10000 0
284 285 1501 100000 0
285 286 708 100000 0
286 287 972 100000 0
287 288 1070 40000 0
288 289 147 40000 0
289 290 142 10000 0
290 291 1449 100000 0
291 292 1283 100000 0
292 293 1369 40000 0
293 294 1794 100000 0
294 295 1292 40000 0
295 296 794 10000 0
296 297 1424 40000 0
297 298 499 100000 0
298 299 1153 40000 0
299 300 1824 100000 0
1 1 1 1 1 1 1 1 1 1 1 1 1 1 1 1 1 1 1 1 1 1 1 1 1 1 1 1 1 1 1 1 1 1 1 1 1 1 1 1 1 1 1 1 1 1 1 1 1 1 1 1 1 1 1 1 1 1 1 1 1 1 1 1 1 1 1 1 1 1 1 1 1 1 1 1 1 1 1 1 1 1 1 1 1 1 1 1 1 1 1 1 1 1 1 1 1 1 1 1 1 1 1 1 1 1 1 1 1 1 1 1 1 1 1 1 1 1 1 1 1 1 1 1 1 1 1 1 1 1 1 1 1 1 1 1 1 1 1 1 1 1 1 1 1 1 1 1 1 1 1 1 1 1 1 1 1 1 1 1 1 1 1 1 1 1 1 1 1 1 1 1 1 1 1 1 1 1 1 1 1 1 1 1 1 1 1 1 1 1 1 1 1 1 1 1 1 1 1 1 1 1 1 1 1 1 1 1 1 1 1 1 1 1 1 1 1 1 1 1 1 1 1 1 1 1 1 1 1 1 1 1 1 1 1 1 1 1 1 1 1 1 1 1 1 1 1 1 1 1 1 1 1 1 1 1 1 1 1 1 1 1 1 1 1 1 1 1 1 1 1 1 1 1 1 1 1 1 1 1 1 1 1 1 1 1 1 1 1 1 1 1 1 1 1 1 1 1 1 1
