23 36
1 3 1000 100000 0
1 7 1000 100000 0
1 16 1000 100000 0
2 4 1000 100000 0
2 7 1000 100000 0
2 12 1000 100000 0
2 13 1000 25000 0
2 18 1000 25000 0
2 23 1000 25000 0
3 10 1000 100000 0
3 11 1000 25000 0
3 14 1000 1150 0
3 21 1000 100000 0
4 16 1000 100000 0
5 8 1000 25000 0
5 16 1000 25000 0
6 7 1000 1150 0
7 17 1000 100000 0
7 19 1000 25000 0
7 21 1000 100000 0
8 9 1000 25000 0
9 15 1000 25000 0
9 16 1000 100000 0
10 11 1000 25000 0
10 12 1000 100000 0
10 16 1000 100000 0
10 17 1000 100000 0
12 22 1000 100000 0
13 14 1000 1150 0
13 17 1000 100000 0
13 19 1000 25000 0
15 20 1000 25000 0
17 20 1000 100000 0
17 23 1000 25000 0
18 21 1000 25000 0
20 22 1000 25000 0
1 1 1 1 1 1 1 1 1 1 1 1 1 1 1 1 1 1 1 1 1 1 1
