43 56
1 34 1206 155000 0
1 35 907 155000 0
1 5 1328 155000 0
1 7 923 155000 0
1 2 754 155000 0
2 7 660 155000 0
3 33 486 155000 0
3 35 832 155000 0
3 14 483 155000 0
3 15 353 155000 0
4 35 486 155000 0
4 5 624 155000 0
5 32 605 155000 0
6 9 345 155000 0
6 32 767 155000 0
7 8 863 155000 0
8 28 561 155000 0
9 36 860 155000 0
10 27 717 155000 0
10 32 418 155000 0
10 16 673 155000 0
11 20 252 155000 0
11 12 374 155000 0
12 19 239 155000 0
13 14 348 155000 0
13 24 364 155000 0
16 32 644 155000 0
17 34 457 155000 0
17 18 215 155000 0
18 19 278 155000 0
20 43 421 155000 0
21 33 631 155000 0
21 22 631 155000 0
21 23 631 155000 0
23 32 631 155000 0
24 34 361 155000 0
25 33 631 155000 0
26 28 1422 155000 0
27 28 239 155000 0
27 29 538 155000 0
28 32 1206 155000 0
28 29 691 155000 0
30 33 631 155000 0
31 33 631 155000 0
31 32 631 155000 0
32 33 1713 155000 0
33 38 577 155000 0
33 39 322 155000 0
33 40 897 155000 0
33 41 496 155000 0
34 43 431 155000 0
36 37 507 155000 0
37 38 748 155000 0
39 40 600 155000 0
41 42 486 155000 0
42 43 689 155000 0
1 1 1 1 1 1 1 1 1 1 1 1 1 1 1 1 1 1 1 1 1 1 1 1 1 1 1 1 1 1 1 1 1 1 1 1 1 1 1 1 1 1 1
